{
    "version": [
        "1",
        "0",
        "0"
    ],
    "featuresFolders": [
        "..\\..\\FeatureExtraction\\9675ddc91a1a7099de77c944e986ae5eb36e5b96"
    ],
    "matchesFolders": [
        "..\\..\\FeatureMatching\\371668fcdbba535fea642cae345e843783c643e2"
    ],
    "views": [
        {
            "viewId": "41823274",
            "poseId": "41823274",
            "intrinsicId": "1699813202",
            "resectionId": "3",
            "path": "C:\/Users\/remme\/workspace\/dataset\/2020-11-26_121940\/00000048_image.jpg",
            "width": "1440",
            "height": "1080",
            "metadata": {
                "ResolutionUnit": "none",
                "XResolution": "1",
                "YResolution": "1",
                "jpeg:subsampling": "4:2:0",
                "oiio:ColorSpace": "sRGB"
            }
        },
        {
            "viewId": "52257958",
            "poseId": "52257958",
            "intrinsicId": "1699813202",
            "resectionId": "0",
            "path": "C:\/Users\/remme\/workspace\/dataset\/2020-11-26_121940\/00000024_image.jpg",
            "width": "1440",
            "height": "1080",
            "metadata": {
                "ResolutionUnit": "none",
                "XResolution": "1",
                "YResolution": "1",
                "jpeg:subsampling": "4:2:0",
                "oiio:ColorSpace": "sRGB"
            }
        },
        {
            "viewId": "67480748",
            "poseId": "67480748",
            "intrinsicId": "1699813202",
            "resectionId": "9",
            "path": "C:\/Users\/remme\/workspace\/dataset\/2020-11-26_121940\/00000252_image.jpg",
            "width": "1440",
            "height": "1080",
            "metadata": {
                "ResolutionUnit": "none",
                "XResolution": "1",
                "YResolution": "1",
                "jpeg:subsampling": "4:2:0",
                "oiio:ColorSpace": "sRGB"
            }
        },
        {
            "viewId": "148572162",
            "poseId": "148572162",
            "intrinsicId": "1699813202",
            "resectionId": "5",
            "path": "C:\/Users\/remme\/workspace\/dataset\/2020-11-26_121940\/00000060_image.jpg",
            "width": "1440",
            "height": "1080",
            "metadata": {
                "ResolutionUnit": "none",
                "XResolution": "1",
                "YResolution": "1",
                "jpeg:subsampling": "4:2:0",
                "oiio:ColorSpace": "sRGB"
            }
        },
        {
            "viewId": "250031227",
            "poseId": "250031227",
            "intrinsicId": "1699813202",
            "path": "C:\/Users\/remme\/workspace\/dataset\/2020-11-26_121940\/00000180_image.jpg",
            "width": "1440",
            "height": "1080",
            "metadata": {
                "ResolutionUnit": "none",
                "XResolution": "1",
                "YResolution": "1",
                "jpeg:subsampling": "4:2:0",
                "oiio:ColorSpace": "sRGB"
            }
        },
        {
            "viewId": "257631021",
            "poseId": "257631021",
            "intrinsicId": "1699813202",
            "resectionId": "6",
            "path": "C:\/Users\/remme\/workspace\/dataset\/2020-11-26_121940\/00000084_image.jpg",
            "width": "1440",
            "height": "1080",
            "metadata": {
                "ResolutionUnit": "none",
                "XResolution": "1",
                "YResolution": "1",
                "jpeg:subsampling": "4:2:0",
                "oiio:ColorSpace": "sRGB"
            }
        },
        {
            "viewId": "324940712",
            "poseId": "324940712",
            "intrinsicId": "1699813202",
            "path": "C:\/Users\/remme\/workspace\/dataset\/2020-11-26_121940\/00000192_image.jpg",
            "width": "1440",
            "height": "1080",
            "metadata": {
                "ResolutionUnit": "none",
                "XResolution": "1",
                "YResolution": "1",
                "jpeg:subsampling": "4:2:0",
                "oiio:ColorSpace": "sRGB"
            }
        },
        {
            "viewId": "383762728",
            "poseId": "383762728",
            "intrinsicId": "1699813202",
            "resectionId": "8",
            "path": "C:\/Users\/remme\/workspace\/dataset\/2020-11-26_121940\/00000264_image.jpg",
            "width": "1440",
            "height": "1080",
            "metadata": {
                "ResolutionUnit": "none",
                "XResolution": "1",
                "YResolution": "1",
                "jpeg:subsampling": "4:2:0",
                "oiio:ColorSpace": "sRGB"
            }
        },
        {
            "viewId": "453016320",
            "poseId": "453016320",
            "intrinsicId": "1699813202",
            "path": "C:\/Users\/remme\/workspace\/dataset\/2020-11-26_121940\/00000132_image.jpg",
            "width": "1440",
            "height": "1080",
            "metadata": {
                "ResolutionUnit": "none",
                "XResolution": "1",
                "YResolution": "1",
                "jpeg:subsampling": "4:2:0",
                "oiio:ColorSpace": "sRGB"
            }
        },
        {
            "viewId": "601068712",
            "poseId": "601068712",
            "intrinsicId": "1699813202",
            "resectionId": "11",
            "path": "C:\/Users\/remme\/workspace\/dataset\/2020-11-26_121940\/00000108_image.jpg",
            "width": "1440",
            "height": "1080",
            "metadata": {
                "ResolutionUnit": "none",
                "XResolution": "1",
                "YResolution": "1",
                "jpeg:subsampling": "4:2:0",
                "oiio:ColorSpace": "sRGB"
            }
        },
        {
            "viewId": "703985799",
            "poseId": "703985799",
            "intrinsicId": "1699813202",
            "path": "C:\/Users\/remme\/workspace\/dataset\/2020-11-26_121940\/00000120_image.jpg",
            "width": "1440",
            "height": "1080",
            "metadata": {
                "ResolutionUnit": "none",
                "XResolution": "1",
                "YResolution": "1",
                "jpeg:subsampling": "4:2:0",
                "oiio:ColorSpace": "sRGB"
            }
        },
        {
            "viewId": "806814148",
            "poseId": "806814148",
            "intrinsicId": "1699813202",
            "path": "C:\/Users\/remme\/workspace\/dataset\/2020-11-26_121940\/00000228_image.jpg",
            "width": "1440",
            "height": "1080",
            "metadata": {
                "ResolutionUnit": "none",
                "XResolution": "1",
                "YResolution": "1",
                "jpeg:subsampling": "4:2:0",
                "oiio:ColorSpace": "sRGB"
            }
        },
        {
            "viewId": "873314729",
            "poseId": "873314729",
            "intrinsicId": "1699813202",
            "resectionId": "4",
            "path": "C:\/Users\/remme\/workspace\/dataset\/2020-11-26_121940\/00000072_image.jpg",
            "width": "1440",
            "height": "1080",
            "metadata": {
                "ResolutionUnit": "none",
                "XResolution": "1",
                "YResolution": "1",
                "jpeg:subsampling": "4:2:0",
                "oiio:ColorSpace": "sRGB"
            }
        },
        {
            "viewId": "918401722",
            "poseId": "918401722",
            "intrinsicId": "1699813202",
            "path": "C:\/Users\/remme\/workspace\/dataset\/2020-11-26_121940\/00000276_image.jpg",
            "width": "1440",
            "height": "1080",
            "metadata": {
                "ResolutionUnit": "none",
                "XResolution": "1",
                "YResolution": "1",
                "jpeg:subsampling": "4:2:0",
                "oiio:ColorSpace": "sRGB"
            }
        },
        {
            "viewId": "1034835643",
            "poseId": "1034835643",
            "intrinsicId": "1699813202",
            "path": "C:\/Users\/remme\/workspace\/dataset\/2020-11-26_121940\/00000216_image.jpg",
            "width": "1440",
            "height": "1080",
            "metadata": {
                "ResolutionUnit": "none",
                "XResolution": "1",
                "YResolution": "1",
                "jpeg:subsampling": "4:2:0",
                "oiio:ColorSpace": "sRGB"
            }
        },
        {
            "viewId": "1138085474",
            "poseId": "1138085474",
            "intrinsicId": "1699813202",
            "path": "C:\/Users\/remme\/workspace\/dataset\/2020-11-26_121940\/00000012_image.jpg",
            "width": "1440",
            "height": "1080",
            "metadata": {
                "ResolutionUnit": "none",
                "XResolution": "1",
                "YResolution": "1",
                "jpeg:subsampling": "4:2:0",
                "oiio:ColorSpace": "sRGB"
            }
        },
        {
            "viewId": "1405957588",
            "poseId": "1405957588",
            "intrinsicId": "1699813202",
            "resectionId": "7",
            "path": "C:\/Users\/remme\/workspace\/dataset\/2020-11-26_121940\/00000096_image.jpg",
            "width": "1440",
            "height": "1080",
            "metadata": {
                "ResolutionUnit": "none",
                "XResolution": "1",
                "YResolution": "1",
                "jpeg:subsampling": "4:2:0",
                "oiio:ColorSpace": "sRGB"
            }
        },
        {
            "viewId": "1479270462",
            "poseId": "1479270462",
            "intrinsicId": "1699813202",
            "resectionId": "10",
            "path": "C:\/Users\/remme\/workspace\/dataset\/2020-11-26_121940\/00000240_image.jpg",
            "width": "1440",
            "height": "1080",
            "metadata": {
                "ResolutionUnit": "none",
                "XResolution": "1",
                "YResolution": "1",
                "jpeg:subsampling": "4:2:0",
                "oiio:ColorSpace": "sRGB"
            }
        },
        {
            "viewId": "1666620785",
            "poseId": "1666620785",
            "intrinsicId": "1699813202",
            "path": "C:\/Users\/remme\/workspace\/dataset\/2020-11-26_121940\/00000168_image.jpg",
            "width": "1440",
            "height": "1080",
            "metadata": {
                "ResolutionUnit": "none",
                "XResolution": "1",
                "YResolution": "1",
                "jpeg:subsampling": "4:2:0",
                "oiio:ColorSpace": "sRGB"
            }
        },
        {
            "viewId": "1756991913",
            "poseId": "1756991913",
            "intrinsicId": "1699813202",
            "resectionId": "1",
            "path": "C:\/Users\/remme\/workspace\/dataset\/2020-11-26_121940\/00000288_image.jpg",
            "width": "1440",
            "height": "1080",
            "metadata": {
                "ResolutionUnit": "none",
                "XResolution": "1",
                "YResolution": "1",
                "jpeg:subsampling": "4:2:0",
                "oiio:ColorSpace": "sRGB"
            }
        },
        {
            "viewId": "1796533772",
            "poseId": "1796533772",
            "intrinsicId": "1699813202",
            "resectionId": "2",
            "path": "C:\/Users\/remme\/workspace\/dataset\/2020-11-26_121940\/00000036_image.jpg",
            "width": "1440",
            "height": "1080",
            "metadata": {
                "ResolutionUnit": "none",
                "XResolution": "1",
                "YResolution": "1",
                "jpeg:subsampling": "4:2:0",
                "oiio:ColorSpace": "sRGB"
            }
        },
        {
            "viewId": "1823651118",
            "poseId": "1823651118",
            "intrinsicId": "1699813202",
            "path": "C:\/Users\/remme\/workspace\/dataset\/2020-11-26_121940\/00000156_image.jpg",
            "width": "1440",
            "height": "1080",
            "metadata": {
                "ResolutionUnit": "none",
                "XResolution": "1",
                "YResolution": "1",
                "jpeg:subsampling": "4:2:0",
                "oiio:ColorSpace": "sRGB"
            }
        },
        {
            "viewId": "1969009359",
            "poseId": "1969009359",
            "intrinsicId": "1699813202",
            "path": "C:\/Users\/remme\/workspace\/dataset\/2020-11-26_121940\/00000204_image.jpg",
            "width": "1440",
            "height": "1080",
            "metadata": {
                "ResolutionUnit": "none",
                "XResolution": "1",
                "YResolution": "1",
                "jpeg:subsampling": "4:2:0",
                "oiio:ColorSpace": "sRGB"
            }
        },
        {
            "viewId": "1987123888",
            "poseId": "1987123888",
            "intrinsicId": "1699813202",
            "path": "C:\/Users\/remme\/workspace\/dataset\/2020-11-26_121940\/00000144_image.jpg",
            "width": "1440",
            "height": "1080",
            "metadata": {
                "ResolutionUnit": "none",
                "XResolution": "1",
                "YResolution": "1",
                "jpeg:subsampling": "4:2:0",
                "oiio:ColorSpace": "sRGB"
            }
        }
    ],
    "intrinsics": [
        {
            "intrinsicId": "1699813202",
            "width": "1440",
            "height": "1080",
            "sensorWidth": "-1",
            "sensorHeight": "-0.75",
            "serialNumber": "",
            "type": "radial3",
            "initializationMode": "unknown",
            "pxInitialFocalLength": "-1",
            "pxFocalLength": "1453.932023588708",
            "principalPoint": [
                "742.76865333319427",
                "594"
            ],
            "distortionParams": [
                "0.34507603102207574",
                "-0.18426448348308677",
                "0.09921445462136444"
            ],
            "locked": "0"
        }
    ],
    "poses": [
        {
            "poseId": "41823274",
            "pose": {
                "transform": {
                    "rotation": [
                        "0.26253306439806595",
                        "0.19515831593453142",
                        "-0.9449812812005105",
                        "0.050680117128877433",
                        "0.97519279091946576",
                        "0.21547748436090997",
                        "0.96359115595026301",
                        "-0.10446172629389461",
                        "0.24612970546875329"
                    ],
                    "center": [
                        "0.28225783827229906",
                        "-0.070121214370284929",
                        "0.89129497132115409"
                    ]
                },
                "locked": "0"
            }
        },
        {
            "poseId": "52257958",
            "pose": {
                "transform": {
                    "rotation": [
                        "0.63053060021643381",
                        "0.1112525275644613",
                        "-0.76814974926847601",
                        "0.0199672414423318",
                        "0.98702148183585647",
                        "0.15934209633280694",
                        "0.77590751475925746",
                        "-0.11580789914797986",
                        "0.6201258412895273"
                    ],
                    "center": [
                        "0.23992342857275956",
                        "-0.058269910913230326",
                        "0.8016519544539592"
                    ]
                },
                "locked": "0"
            }
        },
        {
            "poseId": "67480748",
            "pose": {
                "transform": {
                    "rotation": [
                        "0.97884086807762594",
                        "-0.038801110039305392",
                        "0.20091049957818877",
                        "0.041201310742968733",
                        "0.99912059622602656",
                        "-0.0077772868026390433",
                        "-0.20043205076559237",
                        "0.015890502089829905",
                        "0.97957872831602066"
                    ],
                    "center": [
                        "0.0057074191734132751",
                        "-0.025452378984107977",
                        "0.7119486403151396"
                    ]
                },
                "locked": "0"
            }
        },
        {
            "poseId": "148572162",
            "pose": {
                "transform": {
                    "rotation": [
                        "0.17029763450185315",
                        "0.20627957763622057",
                        "-0.96355978098574457",
                        "0.061309794537972029",
                        "0.97373085892943478",
                        "0.2192927802328597",
                        "0.98348351525421362",
                        "-0.09642069393428003",
                        "0.15317710339488402"
                    ],
                    "center": [
                        "0.28274827025982607",
                        "-0.071646589423521867",
                        "0.90955541206856416"
                    ]
                },
                "locked": "0"
            }
        },
        {
            "poseId": "257631021",
            "pose": {
                "transform": {
                    "rotation": [
                        "-0.25981579498860041",
                        "0.27113632614717309",
                        "-0.92681219527898728",
                        "0.11816562699252982",
                        "0.96148646948630723",
                        "0.24815449541005535",
                        "0.95840108371803512",
                        "-0.045042886654505995",
                        "-0.2818483654199993"
                    ],
                    "center": [
                        "0.26919338159049255",
                        "-0.079030324738554938",
                        "1.0174293932488856"
                    ]
                },
                "locked": "0"
            }
        },
        {
            "poseId": "383762728",
            "pose": {
                "transform": {
                    "rotation": [
                        "0.99920450646399173",
                        "-0.027342030223758154",
                        "0.029030460645566157",
                        "0.027136460946795636",
                        "0.99960396353725633",
                        "0.007451749317481709",
                        "-0.029222709479678727",
                        "-0.0066580375374917814",
                        "0.99955075098106727"
                    ],
                    "center": [
                        "0.046314103460406368",
                        "-0.027692676443287562",
                        "0.70797878115311175"
                    ]
                },
                "locked": "0"
            }
        },
        {
            "poseId": "601068712",
            "pose": {
                "transform": {
                    "rotation": [
                        "-0.74520570212030901",
                        "0.30983842891802721",
                        "-0.5904816758316771",
                        "0.21037240100897794",
                        "0.94951468206795464",
                        "0.23273444401529436",
                        "0.63278109518307746",
                        "0.049213986863482259",
                        "-0.77276520954032735"
                    ],
                    "center": [
                        "0.18369998148012656",
                        "-0.076583618256137589",
                        "1.1285426175933766"
                    ]
                },
                "locked": "0"
            }
        },
        {
            "poseId": "873314729",
            "pose": {
                "transform": {
                    "rotation": [
                        "0.065316477962658617",
                        "0.22279868319862084",
                        "-0.9726738942068478",
                        "0.07531926660947097",
                        "0.97087391155175928",
                        "0.22744418204385469",
                        "0.99501797259344271",
                        "-0.088116937266040293",
                        "0.046633031028314675"
                    ],
                    "center": [
                        "0.2861348361014146",
                        "-0.073743593366153062",
                        "0.93931820349495276"
                    ]
                },
                "locked": "0"
            }
        },
        {
            "poseId": "918401722",
            "pose": {
                "transform": {
                    "rotation": [
                        "0.98162029934922956",
                        "-0.0089215619662390451",
                        "-0.1906357616965178",
                        "0.017343467697400586",
                        "0.99894356703898779",
                        "0.042555305188103444",
                        "0.19005470800208607",
                        "-0.04507943659259684",
                        "0.98073801413157013"
                    ],
                    "center": [
                        "0.10425229977522846",
                        "-0.037214407478598034",
                        "0.7142791952903581"
                    ]
                },
                "locked": "0"
            }
        },
        {
            "poseId": "1138085474",
            "pose": {
                "transform": {
                    "rotation": [
                        "0.63664791864908166",
                        "0.11196655896861042",
                        "-0.76298290764113519",
                        "0.013385733651509066",
                        "0.98764970104100114",
                        "0.15610538161201201",
                        "0.77103842304673975",
                        "-0.10959725227554626",
                        "0.62728637198591131"
                    ],
                    "center": [
                        "0.23751676082709083",
                        "-0.058795064026333214",
                        "0.80043558284593541"
                    ]
                },
                "locked": "0"
            }
        },
        {
            "poseId": "1405957588",
            "pose": {
                "transform": {
                    "rotation": [
                        "-0.47793930686484948",
                        "0.2916818826949813",
                        "-0.82855035952020351",
                        "0.15462780243210195",
                        "0.95646498934397572",
                        "0.24751760922053115",
                        "0.86467581304704377",
                        "-0.0098185267092317507",
                        "-0.50223434257793842"
                    ],
                    "center": [
                        "0.24473899651903491",
                        "-0.077569284420578116",
                        "1.0679052364313719"
                    ]
                },
                "locked": "0"
            }
        },
        {
            "poseId": "1479270462",
            "pose": {
                "transform": {
                    "rotation": [
                        "0.88393882793431633",
                        "-0.046217558094607578",
                        "0.46531289020816807",
                        "0.072991203218763484",
                        "0.99654305583432201",
                        "-0.039676468102247044",
                        "-0.46187058005764375",
                        "0.069035318440368115",
                        "0.88425657593543106"
                    ],
                    "center": [
                        "-0.058095251119366587",
                        "-0.01362323424684319",
                        "0.73534995950810877"
                    ]
                },
                "locked": "0"
            }
        },
        {
            "poseId": "1756991913",
            "pose": {
                "transform": {
                    "rotation": [
                        "0.94909705931218291",
                        "0.0040415009481866992",
                        "-0.31495783570988123",
                        "0.013058648623755508",
                        "0.99855312815743613",
                        "0.052164374271336973",
                        "0.31471295445387693",
                        "-0.053621977929619875",
                        "0.9476710609604091"
                    ],
                    "center": [
                        "0.13082105502975896",
                        "-0.038330646176466247",
                        "0.72039191972701544"
                    ]
                },
                "locked": "0"
            }
        },
        {
            "poseId": "1796533772",
            "pose": {
                "transform": {
                    "rotation": [
                        "0.444919015165883",
                        "0.16190193050219343",
                        "-0.88081486979017554",
                        "0.031699720174208842",
                        "0.98006010699643786",
                        "0.19615635196191794",
                        "0.89500960759351511",
                        "-0.1151952758310596",
                        "0.43091513171564128"
                    ],
                    "center": [
                        "0.26774515128586629",
                        "-0.06646664069877696",
                        "0.84924040446538263"
                    ]
                },
                "locked": "0"
            }
        }
    ],
    "structure": [
        {
            "landmarkId": "0",
            "descType": "sift",
            "color": [
                "142",
                "132",
                "123"
            ],
            "X": [
                "-0.91773039102554321",
                "0.18296897411346436",
                "1.6087745428085327"
            ],
            "observations": [
                {
                    "observationId": "41823274",
                    "featureId": "14",
                    "x": [
                        "1168.9599609375",
                        "524.10400390625"
                    ],
                    "scale": "0"
                },
                {
                    "observationId": "52257958",
                    "featureId": "19",
                    "x": [
                        "642.1719970703125",
                        "610.5150146484375"
                    ],
                    "scale": "0"
                },
                {
                    "observationId": "1138085474",
                    "featureId": "18",
                    "x": [
                        "632.02197265625",
                        "617.03399658203125"
                    ],
                    "scale": "0"
                },
                {
                    "observationId": "1796533772",
                    "featureId": "19",
                    "x": [
                        "906.469970703125",
                        "557.7550048828125"
                    ],
                    "scale": "0"
                }
            ]
        },
        {
            "landmarkId": "1",
            "descType": "sift",
            "color": [
                "96",
                "82",
                "73"
            ],
            "X": [
                "-0.7263723611831665",
                "0.22712686657905579",
                "1.4612014293670654"
            ],
            "observations": [
                {
                    "observationId": "41823274",
                    "featureId": "21",
                    "x": [
                        "1124.8499755859375",
                        "637.801025390625"
                    ],
                    "scale": "0"
                },
                {
                    "observationId": "52257958",
                    "featureId": "31",
                    "x": [
                        "629.43597412109375",
                        "712.45001220703125"
                    ],
                    "scale": "0"
                },
                {
                    "observationId": "148572162",
                    "featureId": "15",
                    "x": [
                        "1269.6300048828125",
                        "634.0679931640625"
                    ],
                    "scale": "0"
                },
                {
                    "observationId": "1138085474",
                    "featureId": "30",
                    "x": [
                        "622.96697998046875",
                        "718.80499267578125"
                    ],
                    "scale": "0"
                },
                {
                    "observationId": "1796533772",
                    "featureId": "28",
                    "x": [
                        "879.7919921875",
                        "662.530029296875"
                    ],
                    "scale": "0"
                }
            ]
        },
        {
            "landmarkId": "2",
            "descType": "sift",
            "color": [
                "30",
                "27",
                "22"
            ],
            "X": [
                "-0.98720461130142212",
                "0.28265753388404846",
                "1.4645199775695801"
            ],
            "observations": [
                {
                    "observationId": "41823274",
                    "featureId": "32",
                    "x": [
                        "988.177978515625",
                        "631.71600341796875"
                    ],
                    "scale": "0"
                },
                {
                    "observationId": "52257958",
                    "featureId": "43",
                    "x": [
                        "478.40798950195312",
                        "721.406982421875"
                    ],
                    "scale": "0"
                },
                {
                    "observationId": "148572162",
                    "featureId": "26",
                    "x": [
                        "1119.6700439453125",
                        "626.52301025390625"
                    ],
                    "scale": "0"
                },
                {
                    "observationId": "873314729",
                    "featureId": "35",
                    "x": [
                        "1267.4300537109375",
                        "614.16400146484375"
                    ],
                    "scale": "0"
                },
                {
                    "observationId": "1138085474",
                    "featureId": "39",
                    "x": [
                        "466.885009765625",
                        "725.989990234375"
                    ],
                    "scale": "0"
                },
                {
                    "observationId": "1796533772",
                    "featureId": "31",
                    "x": [
                        "744.031005859375",
                        "663.072021484375"
                    ],
                    "scale": "0"
                }
            ]
        },
        {
            "landmarkId": "3",
            "descType": "sift",
            "color": [
                "79",
                "62",
                "54"
            ],
            "X": [
                "-0.57278639078140259",
                "-0.07695259153842926",
                "1.2334928512573242"
            ],
            "observations": [
                {
                    "observationId": "41823274",
                    "featureId": "44",
                    "x": [
                        "917.905029296875",
                        "244.70399475097656"
                    ],
                    "scale": "0"
                },
                {
                    "observationId": "52257958",
                    "featureId": "58",
                    "x": [
                        "445.12600708007812",
                        "328.260009765625"
                    ],
                    "scale": "0"
                },
                {
                    "observationId": "148572162",
                    "featureId": "33",
                    "x": [
                        "1039.4599609375",
                        "226.74600219726562"
                    ],
                    "scale": "0"
                },
                {
                    "observationId": "873314729",
                    "featureId": "40",
                    "x": [
                        "1166.1800537109375",
                        "198.36399841308594"
                    ],
                    "scale": "0"
                },
                {
                    "observationId": "1138085474",
                    "featureId": "54",
                    "x": [
                        "436.41500854492188",
                        "332.614013671875"
                    ],
                    "scale": "0"
                },
                {
                    "observationId": "1796533772",
                    "featureId": "44",
                    "x": [
                        "694.1519775390625",
                        "283.17599487304688"
                    ],
                    "scale": "0"
                }
            ]
        },
        {
            "landmarkId": "4",
            "descType": "sift",
            "color": [
                "51",
                "50",
                "48"
            ],
            "X": [
                "-1.2554380893707275",
                "0.6329270601272583",
                "1.5830308198928833"
            ],
            "observations": [
                {
                    "observationId": "41823274",
                    "featureId": "62",
                    "x": [
                        "991.90301513671875",
                        "856.322021484375"
                    ],
                    "scale": "0"
                },
                {
                    "observationId": "52257958",
                    "featureId": "62",
                    "x": [
                        "465.06399536132812",
                        "958.19598388671875"
                    ],
                    "scale": "0"
                },
                {
                    "observationId": "148572162",
                    "featureId": "69",
                    "x": [
                        "1125.52001953125",
                        "856.49200439453125"
                    ],
                    "scale": "0"
                },
                {
                    "observationId": "1796533772",
                    "featureId": "63",
                    "x": [
                        "743.489990234375",
                        "885.12200927734375"
                    ],
                    "scale": "0"
                }
            ]
        },
        {
            "landmarkId": "5",
            "descType": "sift",
            "color": [
                "134",
                "151",
                "167"
            ],
            "X": [
                "-0.54067510366439819",
                "-0.045985456556081772",
                "1.2652446031570435"
            ],
            "observations": [
                {
                    "observationId": "41823274",
                    "featureId": "35",
                    "x": [
                        "989.6619873046875",
                        "294.26901245117188"
                    ],
                    "scale": "0"
                },
                {
                    "observationId": "52257958",
                    "featureId": "65",
                    "x": [
                        "523.947021484375",
                        "381.21701049804688"
                    ],
                    "scale": "0"
                },
                {
                    "observationId": "148572162",
                    "featureId": "27",
                    "x": [
                        "1114.4100341796875",
                        "277.63699340820312"
                    ],
                    "scale": "0"
                },
                {
                    "observationId": "873314729",
                    "featureId": "34",
                    "x": [
                        "1247.3599853515625",
                        "250.0050048828125"
                    ],
                    "scale": "0"
                },
                {
                    "observationId": "1796533772",
                    "featureId": "45",
                    "x": [
                        "764.09600830078125",
                        "334.23300170898438"
                    ],
                    "scale": "0"
                }
            ]
        },
        {
            "landmarkId": "6",
            "descType": "sift",
            "color": [
                "70",
                "61",
                "54"
            ],
            "X": [
                "-0.95311617851257324",
                "0.42129543423652649",
                "1.3276013135910034"
            ],
            "observations": [
                {
                    "observationId": "41823274",
                    "featureId": "48",
                    "x": [
                        "869.64202880859375",
                        "799.30499267578125"
                    ],
                    "scale": "0"
                },
                {
                    "observationId": "52257958",
                    "featureId": "68",
                    "x": [
                        "361.67999267578125",
                        "913.6719970703125"
                    ],
                    "scale": "0"
                },
                {
                    "observationId": "148572162",
                    "featureId": "44",
                    "x": [
                        "991.07598876953125",
                        "794.177001953125"
                    ],
                    "scale": "0"
                },
                {
                    "observationId": "873314729",
                    "featureId": "50",
                    "x": [
                        "1128.4000244140625",
                        "782.75799560546875"
                    ],
                    "scale": "0"
                },
                {
                    "observationId": "1138085474",
                    "featureId": "60",
                    "x": [
                        "347.04299926757812",
                        "919.239013671875"
                    ],
                    "scale": "0"
                },
                {
                    "observationId": "1796533772",
                    "featureId": "52",
                    "x": [
                        "636.01202392578125",
                        "834.7550048828125"
                    ],
                    "scale": "0"
                }
            ]
        },
        {
            "landmarkId": "7",
            "descType": "sift",
            "color": [
                "23",
                "22",
                "18"
            ],
            "X": [
                "-1.02466881275177",
                "0.50343841314315796",
                "1.3809388875961304"
            ],
            "observations": [
                {
                    "observationId": "41823274",
                    "featureId": "58",
