<?xml version="1.0" encoding="UTF-8"?>
<document version="1.5.0">
  <chunk label="Chunk 2" enabled="true">
    <sensors next_id="1">
      <sensor id="0" label="unknown" type="frame">
        <resolution width="1440" height="1080"/>
        <property name="layer_index" value="0"/>
        <bands>
          <band label="Red"/>
          <band label="Green"/>
          <band label="Blue"/>
        </bands>
        <data_type>uint8</data_type>
        <calibration type="frame" class="adjusted">
          <resolution width="1440" height="1080"/>
          <f>1346.3151357529425</f>
          <cx>15.609370723525037</cx>
          <cy>-23.250219468988654</cy>
          <k1>0.29837777211801014</k1>
          <k2>-0.31448116061164016</k2>
          <k3>0.16874339955507636</k3>
          <p1>0.0012618092144724331</p1>
          <p2>-0.023302107088301473</p2>
        </calibration>
        <covariance>
          <params>f cx cy k1 k2 k3 p1 p2</params>
          <coeffs>8.5402686442797275e+01 5.8852593754931148e-01 -1.1230342545429039e+01 7.9426194783794035e-02 -6.6433789874325216e-02 3.9987704767355151e-02 3.1788184809548891e-04 -5.9132395858205698e-03 5.8852593754931148e-01 6.1042509223772612e+00 3.1505856180463965e-01 1.1874069576021668e-03 -5.6975131219387798e-03 1.2545367413301870e-02 3.4610935538297895e-03 2.3984632616415492e-04 -1.1230342545429039e+01 3.1505856180463965e-01 8.5935925722396664e+00 -1.0664220918220297e-02 1.1569581434069750e-02 -1.4571530480456816e-02 1.6387503951588895e-05 3.9557987394086514e-03 7.9426194783794035e-02 1.1874069576021668e-03 -1.0664220918220297e-02 8.4979583355289571e-05 -1.2060899729433215e-04 1.4924759330522475e-04 7.4214243190310201e-07 -5.5082959695280153e-06 -6.6433789874325216e-02 -5.6975131219387798e-03 1.1569581434069750e-02 -1.2060899729433215e-04 4.4154184194858517e-04 -8.2477640249345181e-04 -3.8932013346896748e-06 5.3230030433196963e-06 3.9987704767355151e-02 1.2545367413301870e-02 -1.4571530480456816e-02 1.4924759330522475e-04 -8.2477640249345181e-04 1.7108925485785217e-03 8.5333985601164554e-06 -5.9841834960125400e-06 3.1788184809548891e-04 3.4610935538297895e-03 1.6387503951588895e-05 7.4214243190310201e-07 -3.8932013346896748e-06 8.5333985601164554e-06 2.0649020993107213e-06 2.9427456365135048e-07 -5.9132395858205698e-03 2.3984632616415492e-04 3.9557987394086514e-03 -5.5082959695280153e-06 5.3230030433196963e-06 -5.9841834960125400e-06 2.9427456365135048e-07 3.7452267687639567e-06</coeffs>
        </covariance>
      </sensor>
    </sensors>
    <cameras next_id="24" next_group_id="0">
      <camera id="0" sensor_id="0" label="00000012_image">
        <transform>7.7608464272636923e-01 1.7594087236538481e-02 -6.3038327660130500e-01 3.3729849224448998e+00 -6.7072827915967678e-02 -9.9163787945356408e-01 -1.1025221897174443e-01 3.4765792850950195e-01 -6.2705172281051846e-01 1.2784664300305912e-01 -7.6841484420409845e-01 -1.0168832545937458e+00 0 0 0 1</transform>
      </camera>
      <camera id="1" sensor_id="0" label="00000024_image">
        <transform>7.7075467050181556e-01 1.6038607255337900e-02 -6.3693013822313860e-01 3.4335808031061732e+00 -7.3084491887219660e-02 -9.9085877689944846e-01 -1.1339109879931508e-01 3.2998397372260724e-01 -6.3292645303006922e-01 1.3394643451259958e-01 -7.6253685664113124e-01 -1.0287406493687936e+00 0 0 0 1</transform>
        <rotation_covariance>4.8345544524003286e-09 -1.1127848000537829e-09 8.3823397362639952e-10 -1.1127848000537829e-09 6.4926185991790793e-09 2.3560649960078413e-09 8.3823397362639952e-10 2.3560649960078413e-09 4.0336985880165557e-09</rotation_covariance>
        <location_covariance>5.1616822956381316e-06 -1.4036806138987097e-06 -4.6748038244226566e-07 -1.4036806138987097e-06 1.6760527073465741e-06 -8.7322748798315258e-08 -4.6748038244226566e-07 -8.7322748798315258e-08 5.5522344947607406e-06</location_covariance>
      </camera>
      <camera id="2" sensor_id="0" label="00000036_image">
        <transform>6.1534050359571779e-01 5.9588524581714111e-02 -7.8600589843381141e-01 4.1434701025587852e+00 -8.2434816836170752e-02 -9.8680637643639435e-01 -1.3934732289376761e-01 4.5015853319963578e-01 -7.8393913386675385e-01 1.5054030411370717e-01 -6.0230976351840471e-01 -1.8750151817623339e+00 0 0 0 1</transform>
        <rotation_covariance>3.2436289919820417e-08 8.8689122318268024e-08 6.5850250420650833e-08 8.8689122318268024e-08 3.9064416034670733e-07 1.1422472281140394e-07 6.5850250420650820e-08 1.1422472281140394e-07 3.0802599118961992e-07</rotation_covariance>
        <location_covariance>8.9865806534626541e-05 9.3506482789973922e-06 -6.8062310379843883e-05 9.3506482789973922e-06 6.4819794276543033e-06 -1.3375482470514839e-05 -6.8062310379843883e-05 -1.3375482470514839e-05 1.3112223744928133e-04</location_covariance>
      </camera>
      <camera id="3" sensor_id="0" label="00000048_image">
        <transform>4.5183319391557308e-01 9.0662627952518199e-02 -8.8748355070322038e-01 4.6151753671709805e+00 -9.7666471278656894e-02 -9.8381554127460757e-01 -1.5022729823346165e-01 5.0363833298307148e-01 -8.8674011145545206e-01 1.5455506668916874e-01 -4.3566581928891224e-01 -2.6450528268403155e+00 0 0 0 1</transform>
        <rotation_covariance>1.3262571853981409e-07 3.0245917022643380e-07 3.0864427086378479e-07 3.0245917022643380e-07 1.2488314945050338e-06 4.3237877751560470e-07 3.0864427086378479e-07 4.3237877751560475e-07 1.0171209860658158e-06</rotation_covariance>
        <location_covariance>2.4043795392025079e-04 2.9075133231757073e-05 -2.3652345998009149e-04 2.9075133231757073e-05 1.5548212926957141e-05 -3.4716667153178592e-05 -2.3652345998009149e-04 -3.4716667153178592e-05 4.1342930471005188e-04</location_covariance>
      </camera>
      <camera id="4" sensor_id="0" label="00000060_image">
        <transform>3.6454120701274628e-01 1.0116177434390994e-01 -9.2567597127789947e-01 4.7155778114947999e+00 -1.0622169876576097e-01 -9.8307510272797272e-01 -1.4926584709069524e-01 5.1626257657062935e-01 -9.2510899849747785e-01 1.5274042624000639e-01 -3.4762580901166557e-01 -3.0229182903464533e+00 0 0 0 1</transform>
        <rotation_covariance>2.1218667251963628e-07 4.5173041943125906e-07 4.9646554159175847e-07 4.5173041943125912e-07 1.8347967010513869e-06 6.6475378566598488e-07 4.9646554159175857e-07 6.6475378566598478e-07 1.4743034493869121e-06</rotation_covariance>
        <location_covariance>2.9165454254858166e-04 3.5848639760907777e-05 -3.1423901961896423e-04 3.5848639760907777e-05 1.8103822245843982e-05 -4.5226847821778918e-05 -3.1423901961896423e-04 -4.5226847821778918e-05 5.9901069176228100e-04</location_covariance>
      </camera>
      <camera id="5" sensor_id="0" label="00000072_image">
        <transform>2.6671368035291187e-01 1.1798266810155691e-01 -9.5652700052860107e-01 4.9099822892758427e+00 -1.1587329004267299e-01 -9.8135404670844317e-01 -1.5335454236392757e-01 5.4404255416930147e-01 -9.5678482082822103e-01 1.5173768495861828e-01 -2.4806950960589214e-01 -3.6096954189470796e+00 0 0 0 1</transform>
        <rotation_covariance>3.6709786108886765e-07 6.4106628850649382e-07 7.8886450273063967e-07 6.4106628850649393e-07 2.5174388823684412e-06 8.5794502563554982e-07 7.8886450273063967e-07 8.5794502563554993e-07 2.0157841481789619e-06</rotation_covariance>
        <location_covariance>3.8859839734162269e-04 4.4639986019059164e-05 -4.6768016818060084e-04 4.4639986019059164e-05 2.6005175607063317e-05 -6.4840688249254581e-05 -4.6768016818060084e-04 -6.4840688249254581e-05 1.0208315411502757e-03</location_covariance>
      </camera>
      <camera id="6" sensor_id="0" label="00000084_image">
        <transform>-5.3768061573221004e-02 1.7103397678407756e-01 -9.8379691722432305e-01 4.9357177470204032e+00 -1.4524784636845056e-01 -9.7608324620789144e-01 -1.6175462774706539e-01 5.7844176683421678e-01 -9.8793322582044230e-01 1.3419715070629609e-01 7.7324420866414334e-02 -5.2108465063657068e+00 0 0 0 1</transform>
        <rotation_covariance>1.4242479235642715e-06 1.7126915302580254e-06 2.2910250620916767e-06 1.7126915302580254e-06 5.6125401836012983e-06 1.9456402707446472e-06 2.2910250620916767e-06 1.9456402707446472e-06 3.9740720271381308e-06</rotation_covariance>
        <location_covariance>5.2635933154818724e-04 6.5115104692565343e-05 -7.1250215384326381e-04 6.5115104692565343e-05 5.5912285836312995e-05 -1.0944108891393277e-04 -7.1250215384326381e-04 -1.0944108891393277e-04 2.8695514101812376e-03</location_covariance>
      </camera>
      <camera id="7" sensor_id="0" label="00000096_image">
        <transform>-2.8318586357744890e-01 2.0138502996969593e-01 -9.3768322816076832e-01 4.6623957064544026e+00 -1.6897777663751709e-01 -9.7288737238282774e-01 -1.5791349423237652e-01 5.4605448055523498e-01 -9.4406158574138366e-01 1.1372875785016812e-01 3.0953754532418498e-01 -6.2841122768303910e+00 0 0 0 1</transform>
        <rotation_covariance>3.0116738397235406e-06 3.0446178116296762e-06 3.8920844504159547e-06 3.0446178116296754e-06 9.0867050177412500e-06 3.0081181355651860e-06 3.8920844504159547e-06 3.0081181355651864e-06 5.2630134913603390e-06</rotation_covariance>
        <location_covariance>5.8057074183321766e-04 5.0408612624760548e-05 -6.2074701370528121e-04 5.0408612624760548e-05 9.0187357167026744e-05 -1.1020316722580346e-04 -6.2074701370528121e-04 -1.1020316722580346e-04 4.6464325270427183e-03</location_covariance>
      </camera>
      <camera id="8" sensor_id="0" label="00000108_image">
        <transform>-5.9121258017416012e-01 2.3520202298609896e-01 -7.7145816051621297e-01 3.7947781776976184e+00 -2.0069356661698828e-01 -9.6934734940748957e-01 -1.4173146621419680e-01 4.9924163952627648e-01 -7.8114645064953414e-01 7.1033263897417459e-02 6.2029388039679612e-01 -7.7749819495490122e+00 0 0 0 1</transform>
        <rotation_covariance>6.8531287716379369e-06 5.8533646181010552e-06 6.3696149028238099e-06 5.8533646181010552e-06 1.6443126994087391e-05 4.2697384986457208e-06 6.3696149028238099e-06 4.2697384986457208e-06 6.2438744462151704e-06</rotation_covariance>
        <location_covariance>1.1771039475660034e-03 -1.7811835497764134e-06 2.9767370385857649e-04 -1.7811835497764134e-06 1.7852169675703516e-04 -7.0944716825680875e-05 2.9767370385857649e-04 -7.0944716825680875e-05 8.0659139849791148e-03</location_covariance>
      </camera>
      <camera id="9" sensor_id="0" label="00000120_image">
        <transform>-8.2526214945883547e-01 2.5158591280612075e-01 -5.0561538064826916e-01 3.0334735650220952e+00 -2.2405486521204074e-01 -9.6767269180598137e-01 -1.1579714550791104e-01 4.9848799955127276e-01 -5.1840312696336743e-01 1.7722584757226399e-02 8.5495269339544488e-01 -8.7374975151885881e+00 0 0 0 1</transform>
        <rotation_covariance>1.2391416708519298e-05 9.1056547910014983e-06 8.3612447605770321e-06 9.1056547910014983e-06 2.5413049011357115e-05 4.7910283090168200e-06 8.3612447605770321e-06 4.7910283090168183e-06 6.0997215583969746e-06</rotation_covariance>
        <location_covariance>3.4216890611955247e-03 -3.0453649847799875e-05 2.8380079085421409e-03 -3.0453649847799875e-05 2.7487027379345246e-04 2.4905396879673127e-06 2.8380079085421409e-03 2.4905396879673127e-06 1.2774967341408053e-02</location_covariance>
      </camera>
      <camera id="10" sensor_id="0" label="00000132_image">
        <transform>-9.4155124941077362e-01 2.5138123539977197e-01 -2.2425146425808457e-01 2.2060344578110063e+00 -2.3650401229817236e-01 -9.6732606904126472e-01 -9.1357147066006450e-02 4.3776958089355683e-01 -2.3988975988957217e-01 -3.2981064901824675e-02 9.7023973968193267e-01 -9.0761914340487326e+00 0 0 0 1</transform>
        <rotation_covariance>1.7752288924537397e-05 1.2276363240131400e-05 8.9127557193199934e-06 1.2276363240131401e-05 3.6347585812337410e-05 4.7327878599909014e-06 8.9127557193199934e-06 4.7327878599909014e-06 4.9712918431239695e-06</rotation_covariance>
        <location_covariance>9.2673372410260746e-03 4.3360892410169706e-04 6.5201982687322713e-03 4.3360892410169706e-04 3.8111941689878559e-04 3.5868226164207176e-04 6.5201982687322713e-03 3.5868226164207176e-04 1.4936167115580285e-02</location_covariance>
      </camera>
      <camera id="11" sensor_id="0" label="00000144_image">
        <transform>-9.6055568641161471e-01 2.3313060600473531e-01 1.5160110107178118e-01 9.5767324999573267e-01 -2.4424345744890996e-01 -9.6791129149966670e-01 -5.9100467687222227e-02 3.4058004680058723e-01 1.3295828968407392e-01 -9.3796867385380747e-02 9.8667332023977183e-01 -9.0591453693033746e+00 0 0 0 1</transform>
        <rotation_covariance>2.4101864383839731e-05 1.6100281595325771e-05 7.6393665600621340e-06 1.6100281595325767e-05 5.1393955496886386e-05 4.2219925622707392e-06 7.6393665600621357e-06 4.2219925622707392e-06 2.8674277894116739e-06</rotation_covariance>
        <location_covariance>2.5052163654182374e-02 1.8126355431843032e-03 1.0424325799210718e-02 1.8126355431843032e-03 5.7902828881422762e-04 7.9127064662906188e-04 1.0424325799210718e-02 7.9127064662906188e-04 1.4793153214154245e-02</location_covariance>
      </camera>
      <camera id="12" sensor_id="0" label="00000156_image">
        <transform>-8.4740407243390115e-01 1.9827973494858225e-01 4.9253577000169274e-01 -2.7285942270719138e-01 -2.4003268938594316e-01 -9.7050915956669215e-01 -2.2277325317543784e-02 2.3190079810658204e-01 4.7359333404155057e-01 -1.3710258168930411e-01 8.7000703218165776e-01 -8.7106453989364265e+00 0 0 0 1</transform>
        <rotation_covariance>2.8544829585489859e-05 1.9692109961410309e-05 4.2233686241117683e-06 1.9692109961410312e-05 6.3871736169329962e-05 3.5810618886346497e-06 4.2233686241117675e-06 3.5810618886346493e-06 1.0807386488845416e-06</rotation_covariance>
        <location_covariance>4.7224293672455765e-02 3.8697915851121159e-03 9.6360720247520553e-03 3.8697915851121159e-03 8.8847800165718941e-04 8.6561174838950560e-04 9.6360720247520553e-03 8.6561174838950560e-04 1.3345547974658273e-02</location_covariance>
      </camera>
      <camera id="13" sensor_id="0" label="00000168_image">
        <transform>-6.3228870601315135e-01 1.4864399667290662e-01 7.6033936798071977e-01 -1.0539671848655352e+00 -2.2501795315282436e-01 -9.7434882392995781e-01 3.3600692287609757e-03 1.4687557752576733e-01 7.4133522309892208e-01 -1.6896547445976551e-01 6.4951732496790116e-01 -7.9112696624419305e+00 0 0 0 1</transform>
        <rotation_covariance>2.9809875815897848e-05 2.3531616279792683e-05 -3.1746183423969187e-08 2.3531616279792683e-05 7.9358104089206297e-05 2.8020095304054252e-06 -3.1746183423967665e-08 2.8020095304054252e-06 6.3162898770989686e-07</rotation_covariance>
        <location_covariance>6.6063007153170220e-02 5.7111634822033649e-03 -1.0778929145970569e-04 5.7111634822033649e-03 1.0539455814947438e-03 9.7770312194816854e-05 -1.0778929145970569e-04 9.7770312194816854e-05 1.2632991365778593e-02</location_covariance>
      </camera>
      <camera id="14" sensor_id="0" label="00000180_image">
        <transform>-3.5290866737804039e-01 1.0292301640455770e-01 9.2997974450180498e-01 -1.5459058269326516e+00 -2.0640439127792029e-01 -9.7800945022415164e-01 2.9912247214877119e-02 1.0126243757194152e-01 9.1260763735060102e-01 -1.8139561176180619e-01 3.6639177431120584e-01 -7.0148476671641395e+00 0 0 0 1</transform>
        <rotation_covariance>2.8534848664240135e-05 2.7978643716145148e-05 -3.9689654085522531e-06 2.7978643716145148e-05 9.9255418300797860e-05 1.1100123397472062e-06 -3.9689654085522557e-06 1.1100123397472069e-06 2.0185352501902300e-06</rotation_covariance>
        <location_covariance>8.0027683135082475e-02 7.0554493847967753e-03 -1.4817574409772603e-02 7.0554493847967753e-03 1.1671122903367354e-03 -1.1234468022513018e-03 -1.4817574409772603e-02 -1.1234468022513018e-03 1.8549230384975589e-02</location_covariance>
      </camera>
      <camera id="15" sensor_id="0" label="00000192_image">
        <transform>2.8899634519398004e-02 5.6255744774762584e-02 9.9799804724482399e-01 -4.5959073260154826e+00 -1.6067942138248259e-01 -9.8516994727292440e-01 6.0185534262432561e-02 -5.0923580659795686e-01 9.8658346563726473e-01 -1.6209708871568490e-01 -1.9431910895832877e-02 -4.5437471754269003e+00 0 0 0 1</transform>
        <rotation_covariance>1.3310441366770315e-05 -5.5136357554393020e-06 -6.3433742357758144e-06 -5.5136357554393020e-06 3.7273079387374076e-05 6.9143351480937234e-06 -6.3433742357758135e-06 6.9143351480937242e-06 4.0312087349187057e-06</rotation_covariance>
        <location_covariance>1.1425525053428266e-02 1.8929751984128615e-03 9.0847993928765275e-03 1.8929751984128615e-03 9.1689503948284162e-04 1.1618114174091212e-03 9.0847993928765275e-03 1.1618114174091212e-03 1.2684818165443323e-02</location_covariance>
      </camera>
      <camera id="16" sensor_id="0" label="00000204_image">
        <transform>3.0572096960005846e-01 1.0908864554358230e-02 9.5205865650228427e-01 -4.4501450346054279e+00 -1.3254210211795178e-01 -9.8971066719187606e-01 5.3901636457214089e-02 -4.1831666976565668e-01 9.4285061378404711e-01 -1.4266671623313512e-01 -3.0112942095766643e-01 -3.1915350644414828e+00 0 0 0 1</transform>
        <rotation_covariance>9.6438580705316164e-06 -4.0776304039190824e-06 -6.5644329715166313e-06 -4.0776304039190824e-06 2.7273365396174047e-05 6.6600465617859470e-06 -6.5644329715166313e-06 6.6600465617859470e-06 5.2769388239749308e-06</rotation_covariance>
        <location_covariance>1.0360297885220271e-02 1.4351248127952771e-03 5.7668684757338886e-03 1.4351248127952771e-03 6.2716076760385914e-04 4.6209939135845546e-04 5.7668684757338886e-03 4.6209939135845546e-04 6.1925194645471122e-03</location_covariance>
      </camera>
      <camera id="17" sensor_id="0" label="00000216_image">
        <transform>5.2000551683647667e-01 -2.2634766162416609e-02 8.5386294557171305e-01 -3.8963896492363275e+00 -1.1418188394807310e-01 -9.9251898720579423e-01 4.3226813600519054e-02 -3.8650826200001398e-01 8.4649675713359884e-01 -1.1997386130636140e-01 -5.1869982915511348e-01 -2.1931112484895441e+00 0 0 0 1</transform>
        <rotation_covariance>6.7981627305854426e-06 -2.6542408278755101e-06 -5.9097563015436761e-06 -2.6542408278755101e-06 2.0878228940568752e-05 6.0470347358657831e-06 -5.9097563015436769e-06 6.0470347358657831e-06 6.0777979849810462e-06</rotation_covariance>
        <location_covariance>7.9105846582499910e-03 1.1454562086539977e-03 3.3592276249492944e-03 1.1454562086539977e-03 4.9637958289917578e-04 2.2553380468078317e-04 3.3592276249492944e-03 2.2553380468078317e-04 3.2866310049158472e-03</location_covariance>
      </camera>
      <camera id="18" sensor_id="0" label="00000228_image">
        <transform>6.4938876037550941e-01 -3.7190199530064499e-02 7.5954665884122874e-01 -3.4688924955393468e+00 -1.0105310635484654e-01 -9.9416574473285890e-01 3.7719248346120379e-02 -3.2394553605510507e-01 7.5371248337412844e-01 -1.0124900522313385e-01 -6.4935824576833545e-01 -1.6334529655772827e+00 0 0 0 1</transform>
        <rotation_covariance>5.0882142955074258e-06 -1.7115534401074808e-06 -5.1531749625198221e-06 -1.7115534401074812e-06 1.7045803505331573e-05 5.2439228452910995e-06 -5.1531749625198212e-06 5.2439228452910986e-06 6.2082198024753987e-06</rotation_covariance>
        <location_covariance>6.4549908458601474e-03 9.2598677525479293e-04 2.1128220786452421e-03 9.2598677525479293e-04 4.0874948415397426e-04 7.1396668288827562e-05 2.1128220786452421e-03 7.1396668288827562e-05 2.0188264626734877e-03</location_covariance>
      </camera>
      <camera id="19" sensor_id="0" label="00000240_image">
        <transform>7.7190147024671774e-01 -5.3658837789730629e-02 6.3347363746095209e-01 -2.8020694120298670e+00 -9.1977845080517123e-02 -9.9537394148978797e-01 2.7763152152223525e-02 -2.6637958771787218e-01 6.2905341287151317e-01 -7.9695958053959265e-02 -7.7326603315066289e-01 -9.3028750932777238e-01 0 0 0 1</transform>
        <rotation_covariance>3.4547030470818321e-06 -1.0218785412178970e-06 -4.1088545154095227e-06 -1.0218785412178970e-06 1.3875496238407374e-05 4.6034534780761509e-06 -4.1088545154095227e-06 4.6034534780761492e-06 6.0081635673917824e-06</rotation_covariance>
        <location_covariance>4.5264749803949744e-03 6.5676702062013098e-04 8.9131175115060796e-04 6.5676702062013098e-04 3.0904499173206986e-04 -5.9831179763707606e-05 8.9131175115060796e-04 -5.9831179763707606e-05 1.1615005122205023e-03</location_covariance>
      </camera>
      <camera id="20" sensor_id="0" label="00000252_image">
        <transform>9.1868952135322290e-01 -6.5867676253856047e-02 3.8944962778349573e-01 -1.5472711454860544e+00 -7.3825721403071171e-02 -9.9725607644092062e-01 5.4846021712724128e-03 -1.1964617716132460e-01 3.8801974977454728e-01 -3.3790046264813231e-02 -9.2103143624868722e-01 -1.8893923990948142e-01 0 0 0 1</transform>
        <rotation_covariance>1.5225010748717393e-06 -3.0855755527021672e-07 -2.4168364859806939e-06 -3.0855755527021683e-07 8.8009119160633127e-06 3.2244552311004345e-06 -2.4168364859806943e-06 3.2244552311004345e-06 4.9858760249657042e-06</rotation_covariance>
        <location_covariance>1.7905932311240108e-03 2.5591670307192795e-04 2.9695523506298084e-05 2.5591670307192795e-04 1.4773259114125411e-04 -1.0358554251112659e-04 2.9695523506298084e-05 -1.0358554251112659e-04 5.9080901171914950e-04</location_covariance>
      </camera>
      <camera id="21" sensor_id="0" label="00000264_image">
        <transform>9.7231933277686355e-01 -6.7366631907664593e-02 2.2373388660141086e-01 -7.5443730752973415e-01 -6.7971845987119667e-02 -9.9767468876059828e-01 -5.0043540588723401e-03 -7.2663504133545914e-02 2.2355076215808128e-01 -1.0341775082668314e-02 -9.7463742203276815e-01 4.1535056571933127e-02 0 0 0 1</transform>
        <rotation_covariance>8.1701050372780804e-07 4.1627389381817585e-08 -1.5149765082895868e-06 4.1627389381817559e-08 6.5119710572099160e-06 2.4066679326865273e-06 -1.5149765082895868e-06 2.4066679326865277e-06 4.0557164867263315e-06</rotation_covariance>
        <location_covariance>8.1498571299271061e-04 1.2999967954894478e-04 -2.8147237881470266e-05 1.2999967954894478e-04 9.3225654107287055e-05 -8.0430558277633785e-05 -2.8147237881470266e-05 -8.0430558277633785e-05 4.4093693098525390e-04</location_covariance>
      </camera>
      <camera id="22" sensor_id="0" label="00000276_image">
        <transform>9.9788674036216629e-01 -6.4842453313138315e-02 4.1844542898572734e-03 4.6293488362425556e-01 -6.4690125112851465e-02 -9.9746200092324389e-01 -2.9744653756306281e-02 5.6045787908121050e-02 6.1025504712416403e-03 2.9411102708541755e-02 -9.9954877115387109e-01 1.3141094707517009e-01 0 0 0 1</transform>
        <rotation_covariance>2.8439383391373097e-07 1.9486704316286315e-07 -6.0943700958181194e-07 1.9486704316286312e-07 4.3308104534292973e-06 1.6141464909680166e-06 -6.0943700958181183e-07 1.6141464909680166e-06 2.7026771268830901e-06</rotation_covariance>
        <location_covariance>1.2257690874073782e-04 2.8966085504643873e-06 8.2978274176444749e-05 2.8966085504643873e-06 3.6068408417739658e-05 -3.2162038206320609e-05 8.2978274176444749e-05 -3.2162038206320609e-05 2.6453544668212568e-04</location_covariance>
      </camera>
      <camera id="23" sensor_id="0" label="00000288_image">
        <transform>9.9017491979843841e-01 -5.8898853268557566e-02 -1.2682489221680845e-01 1.0502228811582688e+00 -6.3822512617741939e-02 -9.9734339012470008e-01 -3.5111950354937749e-02 1.0731822223925652e-01 -1.2441991434378316e-01 4.2861255910418450e-02 -9.9130348413413094e-01 1.4147958497958490e-01 0 0 0 1</transform>
        <rotation_covariance>1.5957235939770243e-07 2.3544087096252769e-07 -2.7597188765947589e-07 2.3544087096252774e-07 3.1744201350471631e-06 1.0913684914206124e-06 -2.7597188765947589e-07 1.0913684914206122e-06 1.8984056859746542e-06</rotation_covariance>
        <location_covariance>6.1906837135670341e-05 -1.5082943118080093e-05 1.2100683523980133e-04 -1.5082943118080095e-05 2.6871750404411035e-05 -2.4669074464546790e-05 1.2100683523980134e-04 -2.4669074464546790e-05 2.3752585642492895e-04</location_covariance>
      </camera>
    </cameras>
    <reference>LOCAL_CS["Local Coordinates (m)",LOCAL_DATUM["Local Datum",0],UNIT["metre",1,AUTHORITY["EPSG","9001"]]]</reference>
    <region>
      <center>-7.0508788232983299e+00 -7.0510378498438744e+00 -1.4330382183758028e+01</center>
      <size>1.1485098292032876e+02 9.7796917978922522e+01 5.3240790049235031e+01</size>
      <R>-9.7139564162349679e-01 -1.2480409070010183e-01 -2.0202585571999382e-01 -2.0446672839293611e-01 6.9331854525397198e-03 9.7884896072875827e-01 -1.2076367175257761e-01 9.9215718002945563e-01 -3.2253150246669603e-02</R>
    </region>
    <settings>
      <property name="accuracy_tiepoints" value="1"/>
      <property name="accuracy_cameras" value="10"/>
      <property name="accuracy_cameras_ypr" value="10"/>
      <property name="accuracy_markers" value="0.0050000000000000001"/>
      <property name="accuracy_scalebars" value="0.001"/>
      <property name="accuracy_projections" value="0.5"/>
    </settings>
    <meta>
      <property name="AlignCameras/adaptive_fitting" value="false"/>
      <property name="AlignCameras/duration" value="15.715"/>
      <property name="AlignCameras/min_image" value="2"/>
      <property name="AlignCameras/ram_used" value="9891840"/>
      <property name="AlignCameras/reset_alignment" value="false"/>
      <property name="AlignCameras/subdivide_task" value="true"/>
      <property name="Info/LastSavedDateTime" value="2020:11:26 14:43:42"/>
      <property name="Info/LastSavedSoftwareVersion" value="1.6.3.10723"/>
      <property name="OptimizeCameras/sigma0" value="0.229580298063105"/>
    </meta>
  </chunk>
</document>
